matrix
8 10
0  0  0.9868421052631579  0  0  0  0  1  0  0  
0  0  0  0  0  0  0  0  0.07692307692307704  0  
0  0  0  0  0  0  0  0  0.2307692307692312  0  
2.771832021106294e-79  0  0  0.5114216214133119  0.09767323264912733  0  0  0  0  0.3333333333333332  
0  0  0  0  0  0  0  0  0  0.1111111111111111  
0  0  0.0131578947368421  0  0.06511548843275156  0  0.04761904761904755  0  0.1538461538461541  0  
6.799605253109946e-13  0.5384820737472631  0  0  0.4558084190292609  0  0.9523809523809523  0  0.5384615384615375  0.1111111111111111  
0.99999999999932  0.4615179262527369  0  0.4885783785866881  0.3814028598888602  1  0  0  0  0.4444444444444444  
