matrix
72 10
0.112190304116055  0.3246338757030433  0  0  0  0  0  0  0  0  
0.01808774612072567  7.221604523008607e-46  0  0  0  0  0  0  0.07692307692307691  0  
0  0  0  0  0  0  0  0  0  0.1111111111111111  
0  0.009126800302735555  0  0  0  0  0  0  0  0  
0  0  0.0131578947368421  0  0  0  0  0  0  0  
0.002836069669753936  0.01020795188262234  0  0  0  0  0  0  0  0  
0  0  0  0  0  0  0.1428571428571429  0  0  0  
0.004521936530181417  0  0  0  0  0  0  0  0  0  
0  0  0  0  0  0.03703703703703702  0  0  0  0  
0.07687292101308407  2.617449622288181e-45  0  0  0  0  0  0  0  0  
0.007536560883635694  3.776896744031341e-46  0  0  0  0  0  0  0  0  
0.001214297504162824  0.01090100901912282  0  0  0  0  0  0  0  0  
0  0  0  0  0  0  0  0  0.07692307692307691  0  
0  0.009126800302735555  0  0  0  0  0  0  0  0  
0.004114461730836223  0.01159406699071246  0  0.09589155993118237  0  0  0  0  0.1538461538461538  0  
6.507032637038534e-66  0.009126800302735555  0  0  0.03255774217035073  0  0  0  0  0  
0  0.009126800302735553  0  0  0.03255774217035073  0  0  0  0  0  
0  0.009126800302735553  0  0  0  0  0  0  0  0  
0  0.009126800302735553  0  0  0  0  0  0  0.07692307692307691  0  
0.003014624353454278  1.382069226686035e-46  0.9868421052631579  0.06392770662078824  0  0  0  0  0  0  
0  0  0  0  0  0  0.0476190476190476  0  0  0  
0.004521936530181417  1.512422708441111e-47  0  0  0.1302309686814029  0  0  0  0  0  
0  0  0  0  0  0  0.0476190476190476  0  0  0  
0.01507312176727139  1.757574042302459e-45  0  0  0  0  0  0  0  0  
0.0006923637667722196  0.02318812678361188  0  0  0  0  0  0  0  0  
0  0  0  0  0  0  0.0476190476190476  0  0  0  
0.001507312176727139  6.072315753753768e-46  0  0  0  0  0  0  0.07692307692307691  0  
0.01356580959054425  1.617222404844131e-45  0  0  0  0  0  0  0  0  
0  0  0  0  0  0  1.076573894657832e-46  0  0.1538461538461538  0  
0  0.009126800302735555  0  0  0  0  0  0  0  0  
0.01356580959054425  5.623709180721951e-46  0  0  0  0  0  0  0  0  
0.0195950582974528  1.028421079814277e-45  0  0  0  0  0  0  0  0  
0  0.009126800302735555  0  0  0.03255774217035073  0  0  0  0  0.4444444444444444  
0.5290665740312256  3.38073495170433e-44  0  0  0  0  0  0  0  0  
0.01356580959054425  3.950172999563908e-45  0  0  0  0  0  0.1176470588235294  0  0  
0  0  0  0  0  0.9259259259259259  0  0  0  0  
0  0.009126800302735555  0  0  0  0  0  0  0  0  
0.003014624353454278  7.428880872995938e-47  0  0  0  0  0  0  0  0  
0  0  0  0  0  0  0.0476190476190476  0  0  0  
0  0  0  0  0  0  0.0476190476190476  0  0  0  
0  0.009126800302735555  0  0  0  0  0  0  0.07692307692307691  0  
0  0.009126800302735555  0  0  0  0  0  0  0  0  
0  0  0  0  0  0  0.04761904761904762  0  0  0  
0.004114461730848639  0.01159406699063728  0  0.2876746797935471  0  0  0  0  0  0  
0.001507312176727139  2.992423978612589e-48  0  0  0  0  0  0  0  0  
0.005214299119187877  0.02318813391500315  0  0  0  0  0  0  0  0  
0.0002850633504657317  0.03478113788212429  0  0  0.2279041951924551  0  0.04761904761904762  0  0  0  
0  0.1095216036328266  0  0.03196385331039411  0  0.03703703703703702  0.3333333333333333  0  0.07692307692307691  0  
0  0.009126800302735555  0  0  0  0  0  0  0  0  
0  0  0  0  0  0  0.0476190476190476  0  0  0  
0.01318536263090278  0.02055721327446051  0  0  0.03255774217035073  0  0  0  0  0  
0  0.009126800302735555  0  0  0  0  0  0  0  0  
0  0  0  0  0  0  0  0  0.07692307692307691  0  
0  0.01825360060547111  0  0  0.3255774217035073  0  0  0  5.001762904358561e-62  0  
0  0  0  0.09589155993118233  0  0  0  0  0.07692307692307691  0  
0  0.009126800302735555  0  0  0  0  0  0  0  0  
1.671170003822961e-38  0  0  0.04108440068817631  0.1534987035708812  0  0  0  1.700014402751881e-66  0.2222222222222222  
0  0.009126800302735553  0  0  0  0  0  0  0  0  
0  0.009126800302735555  0  0  0  0  0  0  0  0  
0.001507312176727139  6.358075801113375e-47  0  0  0  0  0  0  0  0  
0.04069742877163274  3.107203571554141e-45  0  0.3516023864143354  4.215406710571536e-57  0  0  0.8823529411764706  0  0  
0  0  0  0.03196385331039412  0.03255774217035073  0  0  0  0  0  
0.004521936530181417  1.362098705780917e-45  0  0  0  0  0  0  0  0  
0.0271316191810885  2.201332070702362e-45  0  0  0  0  0  0  0  0  
0  0.2555504084765955  0  0  0  0  0  0  0  0.2222222222222222  
0  0  0  0  0  0  0  0  0.07692307692307691  0  
0  0  0  0  0  0  0.04761904761904762  0  0  0  
0.02411699482763422  1.750890129019711e-49  0  6.860407225966317e-63  7.799863211989914e-50  0  0  0  0  0  
0.003014624353454278  9.668526045365664e-45  0  0  0  0  0.04761904761904762  0  0  0  
0.01356580959054425  2.293126832305742e-46  0  0  0  0  0  0  0  0  
0.01658043394399853  1.406383913551144e-45  0  0  0  0  0  0  0  0  
0  0  0  0  0  0  0.04761904761904762  0  0  0  
