matrix
32 10
0  0.009126815619770334  0  0  0  0  0  0  0  0  
0  0  0  0  0.03255774615648717  0  0  0  0  0  
0  0  0.9868421052631579  0  0  0  0  0.9411764705882353  0  0  
0.9909561294462914  0.8722245813232153  0  1.797085550821621e-56  6.515208010599236e-21  0.9259259259259259  6.083957640651685e-37  0  3.814089623841184e-254  0  
0  0  0  0  0  0  0.1428571428571427  0  0  0  
0  0  0  0.03196384946835527  0.1302309846259487  0  0  0  0  0  
0  0  0  2.7260311598784e-57  0.3581352077213588  0  0  0  0  0  
0  0  0  0  0  0  0.09523809523809623  0  0.2307692307692294  0  
0  0  0  0.2876746452151974  3.675270200340639e-48  0  0  0  0  0  
0  0  0  0.09589154840506582  0  0  0  0  0  0  
0  0  0  0  0  0  0.09523809523809511  0  0  0  
0  0  0.01315789473684211  0  0  0  0  0  0  0  
0.004521935276854336  0  0  0.1050122148860524  0.2186140922443082  0  0  0  0.1538461538461541  0  
0  0  0  0  0  0  0.04761904761904755  0  0  0  
0  2.713306437250903e-78  0  0.4474938925569737  0.195346476938923  0  0  0  0  0.111111111111111  
0  0  0  0  0  0  0  0  0  0.1111111111111111  
0  0  0  0  0  0  0.333333333333333  0  0  0  
0  0  0  0  0  0  0  0.05882352941176471  0  0  
0  0  0  0  0  0  0  0  0.4615384615384625  0  
0  0  0  0  0  0  0.1428571428571427  0  0  0  
0  0.1003949718174737  0  0  0  0  0  0  0  0  
0  0  0  0  0  0.07407407407407406  0  0  0  0  
0.004521935276854337  0  0  0  0  0  0  0  0  0  
0  0  0  0  0  0  0  0  0.07692307692307708  0.2222222222222222  
0  0  0  0.03196384946835526  0  0  0  0  0  0  
0  0  0  2.138884650498654e-111  0  0  0  0  0  0.5555555555555556  
0  0  0  6.049814598448773e-17  0.0325577461564871  0  0  0  0  0  
0  0.01825363123954067  0  0  0  0  0  0  0  0  
0  0  0  0  0  0  0  0  0.07692307692307708  0  
0  0  0  0  0  0  0.09523809523809508  0  0  0  
0  0  0  0  0  0  0.04761904761904755  0  0  0  
0  0  0  0  0.03255774615648716  0  0  0  0  0  
