matrix
54 10
0  0  0.2236842105263158  0  0  0  0  0  0  0  
0  0  0  0.1598192346874729  0  0  0  0  0  0  
0  0  0  0.03196384693749459  0  0  0  0  0  0  
0  0  0  0.03196384693749459  0  0  0  0  0  0  
0  0  0  0  0  0  0  0.8823529411764706  0  0  
0  0  0  0.03196384693749459  0  0  0  0  0  0  
0  0  0  0.03196384693749459  0  0  0  0  0  0  
0  0  0  0.06392769387498917  0  0  0.04761904743962946  0  0  0  
0  0  0  0.06392769387498917  0  0  0.04761904743962946  0  0  0  
0  0  0  0  0.03255774878227009  0  0  0  0  0  
0  0  0  0  0  0  0  0  0.07692307739126278  0  
0  0  0  0.06392769387498917  0  0  0  0  0  0  
0  0  0  0.03196384693749459  0  0  0  0  0  0  
0  0  0  0  0.03255774878227009  0  0  0  0  0  
0  0  0  0  0  0.9259259259259259  0  0  0  0  
0  0  0  0.03196384693749458  1.410459719916402e-53  0  0  0  0  0  
0  0  0.0131578947368421  0  0  0  0  0  0  0  
5.774854718843285e-186  0  0  0  0.4232507341695111  0  0  0  0.2307692321737883  0  
0  0  0  0  0  0  0  0  0.07692307739126278  0  
0  0  0  0  0.03255774878227009  0  0  0  0  0  
0  0  0  0  0  0  0.09523809487925891  0  0  0  
0  0  0  0  0.03255774878227009  0  0  0  0  0  
0  0.009126818711641668  0  0  0.03255774878227009  0  0  0  0  0  
0  0  0  0  0.03255774878227009  0  0  0  0  0  
0  0  0  0.03196384693749459  0  0  0  0  0  0  
0  0  0  0  0  0  0.3333333320774062  0  0  0  
0  0  0  0  0  0  0.04761904743962946  0  0  0  
0  0  0  0  0  0  0.04761904743962946  0.1176470588235294  0  0  
0  0  0  0  0.03255774878227009  0  0  0  0  0  
0.003567358874470098  0.1244286312980327  0  0  0  0  3.767781278799952e-09  0  0.07692307130484681  0  
0  0  0.75  0  0  0  0  0  0  0  
0  0  0  0  0  0  0.04761904743962946  0  0  0  
0  0  0  0  0.03255774878227009  0  0  0  0  0  
0  0  0  0.1278553877499783  0  0  0  0  0  0  
0  0  0  0  0.03255774878227009  0  0  0  0  0  
0  0  0  0  0.03255774878227009  0  0  0  0  0  
0  0  0  0  0  0.03703703703703703  0  0  0  0  
0  0  0  0  0  0  0.04761904743962946  0  0  0  
0  0.04563409355820831  0  0  0  0  0  0  0  0  
0  0.2464241052143249  0  0  0  0  0  0  0  0  
0  0  0  0.03196384693749459  0  0  0  0  0.07692307739126278  0.8888888888888888  
0  0.05476091226984998  0  0  0  0  0  0  0  0  
0  0  0  0  0  0.03703703703703703  0  0  0  0  
0.004521935023860398  0  0  0  0  0  0  0  0  0  
0  0  0  0.03196384693749459  0  0  0  0  0  0  
0  0  0  0.06392769387498917  0  0  0  0  0  0  
0  0  0  0  0  0  0  0  0.4615384643475766  0  
0.9919107061016695  0.5196254389479422  0  0.1369761326876462  0.2186140292255178  0  0  0  0  0  
0  0  0.0131578947368421  0  0  0  0  0  0  0  
0  0  0  0  0  0  0.2380952371981473  0  0  0  
0  0  0  0  0  0  0.04761904743962946  0  0  0  
0  0  0  0.03196384693749459  0  0  0  0  0  0  
0  0  0  0  0.03255774878227009  0  0  0  0  0  
0  0  0  0  1.172122918607279e-55  0  0  0  0  0.1111111111111111  
